0100000000
1101000000
0011000000
0111000000
1000100000
0101100000
0100010000
1100010000
1010010000
1101010000
1011010000
1100110000
0110110000
0001110000
1001110000
1011110000
1111110000
0010001000
1001001000
1100101000
0110101000
0101101000
0110011000
1101011000
0100111000
1100111000
1110111000
0101111000
1011111000
1000000100
1110000100
0001000100
0101000100
1101000100
0000100100
0010100100
0110100100
0001100100
1101100100
0000010100
0100010100
1101010100
1011010100
0111010100
1111010100
0100110100
1100110100
1110110100
0101110100
1111110100
0000001100
1011001100
1111001100
1001101100
0101101100
1101101100
0111101100
0100011100
1100011100
0110011100
1001011100
0011011100
0111011100
0000111100
1000111100
0010111100
0110111100
1011111100
1111111100
1000000010
1100000010
1110000010
0001000010
0010100010
0001100010
0101100010
1011100010
0100010010
0011010010
1111010010
0100110010
0010110010
1110110010
0001110010
1001110010
1101110010
0011110010
1011110010
1111110010
0000001010
0100001010
0110001010
1110001010
0000101010
0010101010
1010101010
1001101010
0011101010
1011101010
0111101010
0100011010
1100011010
0010011010
1010011010
1110011010
0101011010
1000111010
0010111010
1010111010
1001111010
1011111010
0111111010
0000000110
1010000110
1110000110
1101000110
1011000110
1000100110
0100100110
0001100110
0111100110
1110010110
1001010110
0101010110
0011010110
0111010110
0000110110
0010110110
0011110110
0111110110
0000001110
0110001110
1101001110
0011001110
0000101110
1100101110
1010101110
1001101110
1011101110
0000011110
0010011110
0110011110
0101011110
1101011110
1111011110
1100111110
0110111110
0001111110
0101111110
0011111110
1111111110
0000000001
0010000001
1010000001
0001000001
0101000001
0111000001
0100100001
1100100001
0010100001
1010100001
1110100001
1101100001
0011100001
1110010001
1101010001
0011010001
0000110001
0110110001
1110110001
1111110001
0110001001
0001001001
0101001001
1101001001
0011001001
0000101001
1000101001
0010101001
1010101001
0110101001
0001101001
1101101001
1011101001
1111101001
0100011001
1110011001
0001011001
1001011001
0101011001
0000111001
0100111001
1011111001
1111111001
0100000101
1100000101
1010000101
1001000101
0101000101
0011000101
0111000101
1010100101
0110100101
1101100101
1011100101
0111100101
0000010101
1010010101
0110010101
1110010101
1001010101
1111010101
0000110101
1000110101
1011110101
1111110101
1000001101
0100001101
1001001101
1101001101
1100101101
0110101101
0000011101
1000011101
0010011101
1011011101
1111011101
0010111101
1110111101
1001111101
0101111101
0111111101
0100000011
1100000011
1011000011
1111000011
1000100011
1100100011
0110100011
0001100011
1011100011
0111100011
1111100011
1010010011
0110010011
0001010011
0011010011
0000110011
1000110011
0010110011
1001110011
0101110011
1111110011
0000001011
1100101011
0010101011
0110101011
0101101011
0111101011
1111101011
0100011011
0010011011
1001011011
1101011011
0000111011
1000111011
1010111011
0101111011
1111111011
0100000111
1100000111
1010000111
1110000111
0101000111
0100100111
1010100111
1001100111
0000010111
1000010111
0100010111
1010010111
0110010111
1001010111
1011010111
0000110111
1100110111
0010110111
1010110111
1001110111
1111110111
1010001111
1110001111
1001001111
1000101111
1100101111
0010101111
0000011111
1110011111
0011011111
1111011111
0000111111
1001111111
